import numpy as np
X_transposta = np.array([[ 1,  1,  1,  1,  1],
                         [ 2,  5,  8, 11, 14],
                         [ 3,  6,  9, 12, 15],
                         [ 4,  7, 10, 13, 16]])
X = np.array([[ 1,  2,  3,  4],
              [ 1,  5,  6,  7],
              [ 1,  8,  9, 10],
              [ 1, 11, 12, 13],
              [ 1, 14, 15, 16]])
# X_transposta_X: [[  5,  40,  45,  50], [ 40, 410, 450, 490], [ 45, 450, 495, 540], [ 50, 490, 540, 590]]
X_transposta_X = X_transposta @ X  # ou np.dot(X_transposta, X)
print(X_transposta_X)
'''3 - multiplicacao_matrizes.py
1*1 + 1*1 + 1*1 + 1*1 + 1*1 = 5
2+5+8+11+14 = 40
3+6+9+12+15=45
50

40
4+25+64+121+196=410
2 3, 5 6, 8 9, 11 12, 14 15 = 6+30+72+132+210 = 450

'''


